<?xml version="1.0" encoding="UTF-8"?>
<svg version="1.1" xmlns="http://www.w3.org/2000/svg" width="736" height="872">
<path d="M0 0 C242.88 0 485.76 0 736 0 C736 287.76 736 575.52 736 872 C493.12 872 250.24 872 0 872 C0 584.24 0 296.48 0 0 Z " fill="#FEFEFE" transform="translate(0,0)"/>
<path d="M0 0 C242.88 0 485.76 0 736 0 C736 287.76 736 575.52 736 872 C602 872 602 872 596 868 C593.51887336 865.25772025 592.33054197 862.62352934 591.16796875 859.1328125 C590.6869873 857.69699829 590.6869873 857.69699829 590.19628906 856.23217773 C589.69693848 854.69412476 589.69693848 854.69412476 589.1875 853.125 C588.8378418 852.061604 588.48818359 850.99820801 588.12792969 849.90258789 C584.96374276 840.14634486 582.21993809 830.29975175 579.63183594 820.37744141 C579.07646109 818.28770404 578.49131647 816.21146419 577.8828125 814.13671875 C574.84583242 803.55437344 573.16154452 792.80842728 571.46582031 781.94335938 C571.03547996 779.22418576 570.58202181 776.51033216 570.1171875 773.796875 C569.8488505 772.19793476 569.58061509 770.59897747 569.3125 769 C569.19318115 768.32098633 569.0738623 767.64197266 568.95092773 766.94238281 C566.53592421 752.15550657 566.79707214 736.99853827 566.8125 722.0625 C566.81290787 720.57623108 566.81290787 720.57623108 566.81332397 719.05993652 C566.83865919 698.96445145 567.49714244 679.1278874 571.51855469 659.37939453 C572.08539581 656.57795765 572.6244108 653.77164284 573.1640625 650.96484375 C574.391273 644.63230369 575.67364263 638.31249884 577 632 C577.15549316 631.25927246 577.31098633 630.51854492 577.47119141 629.75537109 C581.03616484 613.22984834 586.69514343 596.81470507 593.10620117 581.18994141 C594.04501742 578.88970057 594.9314061 576.57288391 595.8125 574.25 C597.70076821 569.51081704 599.96606487 565.00170896 602.29003906 560.46289062 C604.40534453 556.29535588 606.27310701 552.07084397 608.0625 547.75 C610.19043823 542.68133016 612.60262751 538.09435631 615.52734375 533.44921875 C617.04751077 530.92098342 618.30248305 528.35422243 619.5625 525.6875 C627.27121502 510.02917262 637.49496577 495.62037239 647.40917969 481.30419922 C658.8495494 464.73357164 669.33270241 447.92781238 678.11816406 429.79443359 C679.40689904 427.17200776 680.77511178 424.59136574 682.125 422 C685.66459722 414.86371529 688.43241858 407.52761442 691 400 C691.46841309 398.62714844 691.46841309 398.62714844 691.94628906 397.2265625 C712.34467053 336.45015319 715.32568582 268.45785236 692 208 C691.57589844 206.845 691.15179687 205.69 690.71484375 204.5 C688.19672716 197.65783837 688.19672716 197.65783837 684.875 191.1875 C683.08854031 188.15051853 681.91796765 185.31341868 680.80859375 181.9921875 C679.78869129 179.47938433 678.42415623 177.30834801 677 175 C676.41605469 173.97648438 675.83210937 172.95296875 675.23046875 171.8984375 C666.74186101 157.15517719 656.71045529 143.35037088 645 131 C643.31165513 129.10491903 641.62418382 127.2090595 639.9375 125.3125 C636.48304233 121.51738703 632.9599784 118.01998187 629.03125 114.72265625 C626.78697288 112.81933661 624.65298903 110.81836812 622.5 108.8125 C603.35168495 91.57021937 581.03729226 78.2498455 557.984375 66.96875 C555.34618638 65.67668104 552.73623237 64.34429015 550.140625 62.96875 C540.53301769 57.92033623 530.73609986 54.20315264 520.43457031 50.81152344 C518.18237849 50.06079283 515.94583864 49.27704642 513.7109375 48.4765625 C488.17430559 39.43791536 461.15863026 34.01622678 434.375 30.25 C433.5598291 30.13430664 432.7446582 30.01861328 431.90478516 29.89941406 C417.61866001 28.02123817 403.26059782 27.79536522 388.875 27.8125 C388.00959595 27.81277191 387.14419189 27.81304382 386.25256348 27.81332397 C370.10376033 27.83646775 354.08165183 28.425803 338 30 C337.12214844 30.08588379 336.24429687 30.17176758 335.33984375 30.26025391 C311.85598639 32.76224593 288.40510489 39.21392656 266.0625 46.6875 C265.37862213 46.9153418 264.69474426 47.14318359 263.99014282 47.37792969 C255.77312674 50.13596369 247.80816681 53.22590695 240 57 C239.30994873 57.32895264 238.61989746 57.65790527 237.90893555 57.99682617 C233.23156755 60.2495969 228.61104219 62.61497818 224 65 C223.34870117 65.33483398 222.69740234 65.66966797 222.02636719 66.01464844 C204.59239878 75.07820625 189.54373946 86.9324944 175.49951172 100.59790039 C174.15813071 101.85214187 172.73148175 103.01371473 171.296875 104.16015625 C169.11293801 105.90953435 167.41379858 107.67030463 165.625 109.8125 C163.43111444 112.38772619 161.20791509 114.80232904 158.75 117.125 C153.23914635 122.56204758 148.67920799 128.85314964 144 135 C143.32662598 135.87422607 143.32662598 135.87422607 142.63964844 136.76611328 C125.8828121 158.57941999 110.13216911 183.59881843 102 210 C101.49144993 211.40035527 100.97213514 212.79689462 100.4375 214.1875 C100.22432129 214.7561377 100.01114258 215.32477539 99.79150391 215.91064453 C99.23503446 217.37957283 98.66358481 218.8428707 98.08129883 220.30175781 C87.31620854 248.19157395 86.22378333 281.02384912 96.140625 309.24609375 C98.33838103 316.28890286 97.87212346 323.93569855 94.50390625 330.49609375 C90.90333677 336.49080814 86.96697476 342.24490639 83 348 C81.48830766 350.20369592 79.9779769 352.40832064 78.46777344 354.61303711 C77.39519785 356.17833328 76.32161007 357.7429363 75.24707031 359.30688477 C70.70367856 365.93255441 66.25336607 372.61781877 61.8125 379.3125 C56.73086666 386.9686271 51.55893013 394.52795908 46.16796875 401.96875 C43.30673571 405.96932089 40.59572417 410.06083647 37.890625 414.16796875 C35.45507071 417.81626805 32.91258868 421.38321981 30.34765625 424.94140625 C27.68853862 429.00330478 27.26316449 433.27346979 28 438 C31.67572138 444.69506394 38.00676326 446.64457562 45 449 C46.39075797 449.31498003 47.78626308 449.6105095 49.1875 449.875 C55.17051346 451.64047938 59.80936951 454.93429192 63.45703125 460.0390625 C66.555936 466.0616689 66.91115746 472.3549931 66 479 C65.24790419 481.00290757 64.30933684 482.69283218 63.21875 484.53125 C61.45028531 488.11352463 60.41591555 491.8560501 59.3125 495.6875 C59.09827393 496.42508545 58.88404785 497.1626709 58.66333008 497.92260742 C57.61820991 501.5936493 56.67503152 505.2391101 56 509 C56.78375 509.0825 57.5675 509.165 58.375 509.25 C66.95113714 511.0243732 75.61125609 514.40879857 80.9375 521.625 C82.67145497 527.13285698 83.22688307 532.73967185 81.15625 538.2421875 C78.11101984 543.53018852 73.66807494 547.1772505 69 551 C67.04978072 552.61065169 65.61777436 554.01692176 64 556 C64.40915412 559.71386049 65.69842676 563.01637749 67 566.5 C69.20100335 573.04718751 69.82481824 579.12221188 70 586 C70.05994141 587.94712891 70.05994141 587.94712891 70.12109375 589.93359375 C70.66574071 616.66851858 70.66574071 616.66851858 67 624 C65.87512272 635.84967173 65.87512272 635.84967173 70.39453125 646.3984375 C80.36685021 656.34649291 92.45243297 659.00906552 106 661 C107.12889648 661.16918945 108.25779297 661.33837891 109.42089844 661.51269531 C119.9620444 662.97199589 130.36828691 663.36151075 141 663.5 C155.84367991 663.69335455 170.40235188 664.41791608 184.9375 667.75 C185.67274902 667.91628906 186.40799805 668.08257813 187.16552734 668.25390625 C197.58032409 670.72167825 207.74015673 674.17329372 217.23388672 679.1328125 C219.16199897 680.12859752 219.16199897 680.12859752 222 681 C222 681.66 222 682.32 222 683 C222.69738281 683.08121094 223.39476562 683.16242187 224.11328125 683.24609375 C227.75792599 684.19794278 230.11849147 685.88316751 233.1875 688.0625 C233.75412354 688.4637207 234.32074707 688.86494141 234.90454102 689.27832031 C240.09606811 692.98999571 245.07165472 696.94720324 250 701 C251.010625 701.763125 252.02125 702.52625 253.0625 703.3125 C268.69985815 717.61901916 279.30563106 737.85307512 285 758 C285.38671875 759.24330078 285.38671875 759.24330078 285.78125 760.51171875 C287.67066827 766.83182286 288.64345798 773.06693551 289.35375977 779.60595703 C289.67596341 782.56354678 290.05516488 785.16549465 291 788 C291.10185097 789.58593829 291.14837857 791.17573833 291.16113281 792.76489258 C291.17074036 793.73473587 291.1803479 794.70457916 291.19024658 795.70381165 C291.1966214 797.28321785 291.1966214 797.28321785 291.203125 798.89453125 C291.20882507 799.99230392 291.21452515 801.0900766 291.22039795 802.22111511 C291.22986178 804.55893998 291.2363874 806.89677828 291.24023438 809.23461914 C291.24978258 812.73284151 291.28072409 816.23043526 291.3125 819.72851562 C291.36578089 830.66928023 291.12373072 841.46132123 289.734375 852.32421875 C289.62603333 853.21832962 289.51769165 854.11244049 289.40606689 855.03364563 C288.64528087 860.25135192 287.52022008 863.89168628 284 868 C205.22475984 920.51682677 94.67605587 872 0 872 C0 584.24 0 296.48 0 0 Z " fill="#040404" transform="translate(0,0)"/>
<path d="M0 0 C1.84960327 0.0012085 1.84960327 0.0012085 3.73657227 0.00244141 C13.46211755 0.06726566 22.88655544 0.7818532 32.5 2.1875 C34.17449219 2.38666016 34.17449219 2.38666016 35.8828125 2.58984375 C44.40598366 3.68927001 52.39020153 6.08070996 60.57275391 8.60888672 C63.13398933 9.37784136 65.71999984 10.03282824 68.3125 10.6875 C73.57890575 12.12165514 78.51209236 14.08325587 83.49707031 16.29785156 C85.00731862 16.96866395 86.52013975 17.63368829 88.03417969 18.29589844 C90.92338512 19.56175108 93.8060241 20.84165761 96.6875 22.125 C97.61409424 22.53177979 98.54068848 22.93855957 99.49536133 23.35766602 C105.60217379 26.10881147 111.03487571 29.3268402 116.5 33.1875 C117.57765625 33.91453125 118.6553125 34.6415625 119.765625 35.390625 C134.61138437 45.57279504 149.41818685 56.37888457 160.9375 70.37109375 C162.5683706 72.31857036 162.5683706 72.31857036 164.8203125 74.46484375 C173.21642366 82.99558643 180.46437657 92.87766977 186.5 103.1875 C186.95407227 103.95400879 187.40814453 104.72051758 187.87597656 105.51025391 C193.76764739 115.48120539 199.47948533 125.29269359 203.5 136.1875 C203.88027344 137.08855469 204.26054688 137.98960937 204.65234375 138.91796875 C207.65790355 146.18700634 209.93492646 153.63872363 212.125 161.1875 C212.5588501 162.63515747 212.5588501 162.63515747 213.00146484 164.11206055 C217.76260669 180.9866302 219.02206619 198.12979423 218.94604492 215.58886719 C218.93752229 218.55474191 218.96648139 221.51868753 218.99804688 224.484375 C219.1610514 270.4029165 201.36515045 316.02326135 173.5 352.1875 C172.81550781 353.07695312 172.13101562 353.96640625 171.42578125 354.8828125 C165.62224966 362.19713777 159.17208548 368.68314851 152.5 375.1875 C151.63632812 376.05375 150.77265625 376.92 149.8828125 377.8125 C129.40090346 398.22725524 103.40657233 413.0249457 76.5 423.1875 C74.93709532 423.87407953 73.37455828 424.56149696 71.8125 425.25 C63.71746275 428.50162001 54.98934244 430.26266881 46.5 432.1875 C45.74460937 432.35991211 44.98921875 432.53232422 44.2109375 432.70996094 C31.07932554 435.52623056 18.12335031 436.50305392 4.73608398 436.39331055 C2.4352709 436.37498224 0.13486328 436.37280259 -2.16601562 436.37304688 C-27.26388121 436.31612461 -27.26388121 436.31612461 -39.4375 433.5625 C-40.20835937 433.39355225 -40.97921875 433.22460449 -41.7734375 433.05053711 C-48.57483526 431.50397125 -55.29381089 429.66367808 -62 427.75 C-62.97831787 427.47397949 -63.95663574 427.19795898 -64.96459961 426.91357422 C-70.9076902 425.1648653 -76.45360412 422.99284256 -82.04638672 420.3269043 C-84.37562355 419.2452577 -86.71441376 418.31987586 -89.125 417.4375 C-129.89043689 401.28637604 -162.18499122 368.39038 -185.5 332.1875 C-186.11101562 331.24648438 -186.72203125 330.30546875 -187.3515625 329.3359375 C-194.59231056 317.75848472 -199.59874125 304.88491302 -204.5 292.1875 C-204.85835937 291.31351562 -205.21671875 290.43953125 -205.5859375 289.5390625 C-211.62303857 274.22897419 -214.36583899 257.43903638 -216.5 241.1875 C-216.63277344 240.19492187 -216.76554688 239.20234375 -216.90234375 238.1796875 C-222.67683395 183.91530017 -205.47559349 126.77833327 -171.5 84.1875 C-170.84 83.32382813 -170.18 82.46015625 -169.5 81.5703125 C-132.93565143 34.89536754 -79.00925017 8.41941686 -21.05078125 0.8684082 C-14.04025176 0.06949758 -7.050414 -0.00481027 0 0 Z " fill="#FDFDFD" transform="translate(387.5,94.8125)"/>
<path d="M0 0 C1.78546587 2.67819881 2.64939285 4.69530882 3.6875 7.6875 C8.56454441 20.00562319 18.98715845 25.90033043 30.6171875 31.01953125 C32.38522391 31.74703476 34.186249 32.39541633 36 33 C35.29387056 40.13975323 32.89959413 46.52605201 30.52734375 53.26171875 C28.82748146 58.19060814 27.52204207 62.77957931 27 68 C26.855625 69.27875 26.71125 70.5575 26.5625 71.875 C26.65634778 77.23475116 29.43637419 81.17212227 33 85 C37.21955661 87.97210832 42.08462411 89.52538723 47 91 C46.34 92.32 45.68 93.64 45 95 C44.34 95 43.68 95 43 95 C42.505 96.485 42.505 96.485 42 98 C40.7934375 99.175625 40.7934375 99.175625 39.5625 100.375 C35.86763344 104.15998525 34.88574234 107.18890848 34.5 112.375 C34.59188903 118.52237594 37.03368511 123.6746219 39.4921875 129.19140625 C42.90692359 137.35582681 43.31566354 145.29094601 43.25 154.0625 C43.26160156 155.61807617 43.26160156 155.61807617 43.2734375 157.20507812 C43.25828425 163.17924783 42.66931378 168.26932892 41 174 C40.7215625 175.9490625 40.7215625 175.9490625 40.4375 177.9375 C40 181 40 181 39 182 C37.917434 198.92550297 41.09364649 211.82654665 52 225.125 C66.88444169 241.06187696 93.31338515 247.10366099 114.36038208 248.11322021 C119.73630666 248.27182373 125.11368808 248.30795001 130.49157715 248.34851074 C147.28078264 248.50274882 163.62518948 248.91314875 180 253 C181.11665039 253.2786792 181.11665039 253.2786792 182.25585938 253.56298828 C186.9404321 254.78693323 191.46317311 256.29868992 196 258 C196.64839844 258.24057129 197.29679688 258.48114258 197.96484375 258.72900391 C217.99236561 266.31740461 234.93801377 279.26707995 247 297 C247.6290625 297.91265625 248.258125 298.8253125 248.90625 299.765625 C259.74167073 316.7791365 264.14477847 339.65630756 264.16796875 359.54296875 C264.17129715 360.54781815 264.17462555 361.55266754 264.17805481 362.58796692 C264.18310089 364.70846095 264.18546385 366.82896286 264.18530273 368.94946289 C264.18748121 372.15980447 264.20563987 375.36979758 264.22460938 378.58007812 C264.25154116 388.61981602 264.0329212 398.13273699 262 408 C261.1907379 417.53709416 261.1907379 417.53709416 265 426 C268.05039221 427.90206849 268.05039221 427.90206849 271 429 C271 429.33 271 429.66 271 430 C181.57 430 92.14 430 0 430 C0 288.1 0 146.2 0 0 Z " fill="#FEFEFE" transform="translate(0,442)"/>
<path d="M0 0 C0.33 0 0.66 0 1 0 C1 182.82 1 365.64 1 554 C-40.58 554 -82.16 554 -125 554 C-123.35 552.68 -121.7 551.36 -120 550 C-116.91852331 547.08508962 -115.71312883 544.98688532 -115.5 540.8125 C-115.70217517 537.4094612 -116.3494801 534.81710456 -117.72265625 531.70703125 C-120.66446257 524.59886717 -122.7789669 517.24838454 -124.9375 509.875 C-125.15721466 509.12866302 -125.37692932 508.38232605 -125.603302 507.6133728 C-129.16104741 495.47894574 -132.1597259 483.3204245 -134.45141602 470.87768555 C-134.85418502 468.76489596 -135.28598209 466.65758656 -135.73413086 464.55395508 C-137.66424421 455.42397568 -138.91324118 446.35865596 -139.6875 437.0625 C-139.75003967 436.32743225 -139.81257935 435.5923645 -139.87701416 434.83502197 C-142.13064904 407.6371044 -142.5393122 379.97015739 -138 353 C-137.74259033 351.39656738 -137.74259033 351.39656738 -137.47998047 349.76074219 C-131.71802617 314.30335405 -121.28188421 279.8864274 -104.92578125 247.86328125 C-103.48448684 245.0130557 -102.12575065 242.1329843 -100.79296875 239.23046875 C-89.47833038 214.66140648 -74.74239094 192.30344939 -59.25 170.1875 C-42.54202353 146.1242094 -29.55213021 120.72656609 -19.3125 93.3125 C-19.05106201 92.61350586 -18.78962402 91.91451172 -18.52026367 91.19433594 C-13.45061564 77.29751742 -9.58402308 63.16456988 -6.3125 48.75 C-6.11512238 47.88802002 -5.91774475 47.02604004 -5.71438599 46.13793945 C-2.23225662 30.76653403 -0.33252251 15.78585884 0 0 Z " fill="#FEFEFE" transform="translate(735,318)"/>
<path d="M0 0 C1.18517212 0.01522705 1.18517212 0.01522705 2.39428711 0.03076172 C13.99923565 0.33850935 22.04975607 4.14746452 30.8125 11.6875 C38.3432874 20.43949617 42.67873066 28.73764785 42.5 40.375 C42.51160156 41.13039062 42.52320313 41.88578125 42.53515625 42.6640625 C42.50655048 48.21358235 41.18111646 52.24014831 39.125 57.375 C39.125 58.695 39.125 60.015 39.125 61.375 C40.17558594 61.88289063 41.22617187 62.39078125 42.30859375 62.9140625 C64.86874677 73.92249196 79.58657848 87.29996274 90.125 110.375 C90.46660156 111.12136719 90.80820312 111.86773437 91.16015625 112.63671875 C95.12445817 122.77656637 95.12830623 134.5925453 95.29296875 145.3203125 C95.30423294 146.03830521 95.31549713 146.75629791 95.32710266 147.49604797 C95.33863876 148.2315538 95.35017487 148.96705963 95.36206055 149.72485352 C95.59142976 164.04996826 96.38193386 178.06064019 98.4375 192.25 C98.53841949 192.96517792 98.63933899 193.68035583 98.74331665 194.41720581 C101.87128807 216.21087305 108.28883814 232.69890318 125.5625 247.1875 C129.9644729 250.95061799 130.88198349 253.49162204 131.625 259.25 C131.5265952 263.57981103 129.68752572 265.82478268 126.828125 268.9296875 C122.86349043 272.29417096 119.67710022 272.62143647 114.52050781 272.60205078 C113.86643448 272.60234283 113.21236115 272.60263489 112.53846741 272.60293579 C110.38488317 272.60154676 108.23164851 272.58600608 106.078125 272.5703125 C104.58168731 272.56658084 103.08524717 272.56373459 101.58880615 272.56173706 C97.6563641 272.5541126 93.72407053 272.53447438 89.79168701 272.5123291 C85.77650969 272.49184506 81.7613083 272.48272988 77.74609375 272.47265625 C69.87232781 272.4512273 61.99868239 272.41710576 54.125 272.375 C53.93678429 273.29406128 53.93678429 273.29406128 53.74476624 274.23168945 C53.48837624 275.44151489 53.48837624 275.44151489 53.22680664 276.67578125 C53.0600795 277.47411377 52.89335236 278.27244629 52.72157288 279.0949707 C49.90488284 289.86001896 39.38482147 299.89151359 30.25 305.6875 C17.20262656 313.00378417 2.57731727 315.39038996 -12.16015625 312.796875 C-24.93200034 309.0151715 -38.29238057 300.23659096 -44.92675781 288.51708984 C-50.875 277.15456395 -50.875 277.15456395 -50.875 272.375 C-51.71802673 272.37944122 -52.56105347 272.38388245 -53.42962646 272.38845825 C-61.37508582 272.42853547 -69.32051122 272.45898467 -77.26604843 272.47862434 C-81.3509121 272.48906072 -85.43569222 272.50321724 -89.52050781 272.52587891 C-93.46271842 272.54761251 -97.40484867 272.55956973 -101.34711456 272.56475449 C-102.85100825 272.56844931 -104.35489755 272.57566437 -105.85875702 272.58646011 C-107.96550493 272.60098206 -110.07192101 272.60297767 -112.17871094 272.60205078 C-113.97740631 272.60871262 -113.97740631 272.60871262 -115.81243896 272.61550903 C-119.52836004 272.32369033 -121.70236164 271.51677946 -124.359375 268.9296875 C-127.91554595 264.21007791 -128.62333849 261.2681656 -127.875 255.375 C-125.86558027 250.38149183 -123.26792807 247.6409737 -119.1875 244.1875 C-101.41251228 228.44324963 -95.77659352 206.4281379 -93.875 183.375 C-93.47806468 175.94467406 -93.4129514 168.50151884 -93.3125 161.0625 C-92.8422937 130.14450885 -89.85031307 104.24743503 -67.6875 80.75 C-59.89778687 73.26812777 -46.01596871 61.375 -34.875 61.375 C-35.16375 60.71757812 -35.4525 60.06015625 -35.75 59.3828125 C-40.15410349 48.09729731 -41.28571052 34.24502408 -36.328125 22.8984375 C-28.32427757 8.99928309 -16.30811984 -0.30397567 0 0 Z " fill="#030303" transform="translate(386.875,156.625)"/>
<path d="M0 0 C121.44 0 242.88 0 368 0 C368 0.33 368 0.66 368 1 C367.23558594 1.0501123 366.47117187 1.10022461 365.68359375 1.15185547 C344.78805124 2.53764668 344.78805124 2.53764668 324 5 C322.49101852 5.19504299 320.98189546 5.3889927 319.47265625 5.58203125 C294.29159865 8.92730399 268.74037502 15.42028577 245.23168945 25.08447266 C243.30504678 25.87485774 241.35906867 26.6178044 239.41015625 27.3515625 C229.5408742 31.10580515 220.3413179 35.83491177 211.07373047 40.87939453 C209.36354741 41.80354572 207.63867287 42.7004553 205.91015625 43.58984375 C193.26886135 50.14810953 181.81996955 58.8022384 171 68 C170.02160156 68.7940625 169.04320312 69.588125 168.03515625 70.40625 C161.38754382 75.83140861 155.19571995 81.62337723 149.125 87.6875 C148.42358887 88.38810547 147.72217773 89.08871094 146.99951172 89.81054688 C124.02881694 113.02694674 100.1427103 142.87364254 88.03125 173.4453125 C86.78206024 176.53989623 85.24015582 179.42116698 83.6875 182.375 C80.49354552 188.59055532 78.20160623 194.85818266 76.140625 201.52734375 C75 205 75 205 73.4765625 208.546875 C70.92764906 214.50782602 69.49362678 220.71296091 68 227 C67.77989258 227.89090332 67.55978516 228.78180664 67.33300781 229.69970703 C61.02688957 255.79929682 59.17782411 286.18474369 68.44921875 311.859375 C69.47084754 315.82996066 69.51759263 318.94822401 67.68994141 322.66210938 C67.08327637 323.54705078 66.47661133 324.43199219 65.8515625 325.34375 C65.18133057 326.3349585 64.51109863 327.32616699 63.82055664 328.34741211 C63.09602295 329.38776611 62.37148926 330.42812012 61.625 331.5 C60.88693115 332.58224854 60.1488623 333.66449707 59.38842773 334.77954102 C54.92331103 341.30329814 50.3648852 347.75581191 45.73046875 354.16015625 C35.18666182 368.86482058 25.25885118 384.03784084 15.26513672 399.12060547 C12.64182351 403.07368359 10.02256134 407.00096314 7.19140625 410.80859375 C5.10794704 413.8427937 3.84562899 416.46311302 2.6875 419.9375 C2.36136719 420.89527344 2.03523437 421.85304688 1.69921875 422.83984375 C1.46847656 423.55269531 1.23773438 424.26554687 1 425 C0.67 425 0.34 425 0 425 C0 284.75 0 144.5 0 0 Z " fill="#FEFEFE" transform="translate(0,0)"/>
<path d="M0 0 C1.84960327 0.0012085 1.84960327 0.0012085 3.73657227 0.00244141 C13.46211755 0.06726566 22.88655544 0.7818532 32.5 2.1875 C34.17449219 2.38666016 34.17449219 2.38666016 35.8828125 2.58984375 C44.40598366 3.68927001 52.39020153 6.08070996 60.57275391 8.60888672 C63.13398933 9.37784136 65.71999984 10.03282824 68.3125 10.6875 C73.57890575 12.12165514 78.51209236 14.08325587 83.49707031 16.29785156 C85.00731862 16.96866395 86.52013975 17.63368829 88.03417969 18.29589844 C90.92338512 19.56175108 93.8060241 20.84165761 96.6875 22.125 C97.61409424 22.53177979 98.54068848 22.93855957 99.49536133 23.35766602 C105.60217379 26.10881147 111.03487571 29.3268402 116.5 33.1875 C117.57765625 33.91453125 118.6553125 34.6415625 119.765625 35.390625 C134.61138437 45.57279504 149.41818685 56.37888457 160.9375 70.37109375 C162.5683706 72.31857036 162.5683706 72.31857036 164.8203125 74.46484375 C173.21642366 82.99558643 180.46437657 92.87766977 186.5 103.1875 C186.95407227 103.95400879 187.40814453 104.72051758 187.87597656 105.51025391 C193.76764739 115.48120539 199.47948533 125.29269359 203.5 136.1875 C203.88027344 137.08855469 204.26054688 137.98960937 204.65234375 138.91796875 C207.65790355 146.18700634 209.93492646 153.63872363 212.125 161.1875 C212.5588501 162.63515747 212.5588501 162.63515747 213.00146484 164.11206055 C217.76260669 180.9866302 219.02206619 198.12979423 218.94604492 215.58886719 C218.93752229 218.55474191 218.96648139 221.51868753 218.99804688 224.484375 C219.1610514 270.4029165 201.36515045 316.02326135 173.5 352.1875 C172.81550781 353.07695312 172.13101562 353.96640625 171.42578125 354.8828125 C165.62224966 362.19713777 159.17208548 368.68314851 152.5 375.1875 C151.63632812 376.05375 150.77265625 376.92 149.8828125 377.8125 C129.40090346 398.22725524 103.40657233 413.0249457 76.5 423.1875 C74.93709532 423.87407953 73.37455828 424.56149696 71.8125 425.25 C63.71746275 428.50162001 54.98934244 430.26266881 46.5 432.1875 C45.74460937 432.35991211 44.98921875 432.53232422 44.2109375 432.70996094 C31.07932554 435.52623056 18.12335031 436.50305392 4.73608398 436.39331055 C2.4352709 436.37498224 0.13486328 436.37280259 -2.16601562 436.37304688 C-27.26388121 436.31612461 -27.26388121 436.31612461 -39.4375 433.5625 C-40.20835937 433.39355225 -40.97921875 433.22460449 -41.7734375 433.05053711 C-48.57483526 431.50397125 -55.29381089 429.66367808 -62 427.75 C-62.97831787 427.47397949 -63.95663574 427.19795898 -64.96459961 426.91357422 C-70.9076902 425.1648653 -76.45360412 422.99284256 -82.04638672 420.3269043 C-84.37562355 419.2452577 -86.71441376 418.31987586 -89.125 417.4375 C-129.89043689 401.28637604 -162.18499122 368.39038 -185.5 332.1875 C-186.11101562 331.24648438 -186.72203125 330.30546875 -187.3515625 329.3359375 C-194.59231056 317.75848472 -199.59874125 304.88491302 -204.5 292.1875 C-204.85835937 291.31351562 -205.21671875 290.43953125 -205.5859375 289.5390625 C-211.62303857 274.22897419 -214.36583899 257.43903638 -216.5 241.1875 C-216.63277344 240.19492187 -216.76554688 239.20234375 -216.90234375 238.1796875 C-222.67683395 183.91530017 -205.47559349 126.77833327 -171.5 84.1875 C-170.84 83.32382813 -170.18 82.46015625 -169.5 81.5703125 C-132.93565143 34.89536754 -79.00925017 8.41941686 -21.05078125 0.8684082 C-14.04025176 0.06949758 -7.050414 -0.00481027 0 0 Z M-129.5625 79.125 C-130.21347656 79.81464844 -130.86445313 80.50429687 -131.53515625 81.21484375 C-133.5 83.1875 -133.5 83.1875 -135.9765625 85.12109375 C-138.65529128 87.31466577 -140.65593711 89.6079257 -142.8125 92.3125 C-147.4790143 98.16294049 -147.4790143 98.16294049 -149.47265625 100.49609375 C-156.14897471 108.40622877 -161.28314221 117.28138417 -166.5 126.1875 C-167.12519531 127.2496875 -167.75039062 128.311875 -168.39453125 129.40625 C-171.37167716 134.65205646 -173.62672541 139.88751438 -175.57421875 145.59375 C-176.4063062 147.92499922 -177.3628424 150.08611772 -178.4375 152.3125 C-181.60169438 159.34817927 -183.57079669 166.74147899 -185.5 174.1875 C-185.80284912 175.29230713 -185.80284912 175.29230713 -186.11181641 176.41943359 C-189.74088137 190.12890378 -189.89715118 203.91271095 -189.9375 218 C-189.9436734 218.91843689 -189.9498468 219.83687378 -189.95620728 220.78314209 C-190.02462581 236.63255125 -188.00601258 251.28064129 -184 266.625 C-183.78641846 267.46192383 -183.57283691 268.29884766 -183.3527832 269.16113281 C-181.87883178 274.88307352 -180.28404805 280.55366404 -178.5 286.1875 C-177.84 286.1875 -177.18 286.1875 -176.5 286.1875 C-176.273125 287.46367187 -176.04625 288.73984375 -175.8125 290.0546875 C-174.56709838 295.62633567 -172.20302369 300.31527046 -169.5 305.3125 C-169.00943115 306.22974854 -168.5188623 307.14699707 -168.01342773 308.09204102 C-160.93575558 321.12794016 -152.77552928 332.59383276 -142.88574219 343.63427734 C-141.64019881 345.0303568 -140.41630911 346.44568349 -139.1953125 347.86328125 C-120.0529668 369.84542549 -94.77672779 387.56155607 -67.1171875 396.9140625 C-65.17393269 397.59818892 -63.23461943 398.30134172 -61.34130859 399.11352539 C-54.19527962 402.17516999 -46.97669799 403.82322178 -39.375 405.375 C-38.15167969 405.63474609 -36.92835938 405.89449219 -35.66796875 406.16210938 C14.16849427 416.58735867 65.49173804 404.13734646 107.7265625 376.74609375 C134.77121946 358.70013358 156.32174839 333.85369793 171.5 305.1875 C171.8292749 304.56625244 172.1585498 303.94500488 172.49780273 303.30493164 C174.94285477 298.57311527 176.84985257 293.78881617 178.5625 288.75 C178.82071533 288.00282715 179.07893066 287.2556543 179.3449707 286.48583984 C179.84813845 285.02644657 180.34883289 283.56619746 180.84667969 282.10498047 C181.37349371 280.55879313 181.908167 279.01528485 182.4453125 277.47265625 C197.88858173 232.52461476 195.15702787 180.61136227 174.35839844 137.83984375 C150.8734302 90.6045404 111.94751263 54.47731828 61.625 37.5 C60.93019531 37.27957031 60.23539063 37.05914062 59.51953125 36.83203125 C58.15443659 36.39636274 56.79744523 35.93458028 55.44921875 35.44921875 C49.58513598 33.35873221 43.63675776 32.07141824 37.5390625 30.8359375 C34.5 30.1875 34.5 30.1875 31.5 29.1875 C-26.55119409 22.34684949 -87.42167636 36.77692641 -129.5625 79.125 Z " fill="#040404" transform="translate(387.5,94.8125)"/>
<path d="M0 0 C108.24 0 216.48 0 328 0 C328 93.39 328 186.78 328 283 C327.67 283 327.34 283 327 283 C326.95101563 282.09378906 326.90203125 281.18757813 326.8515625 280.25390625 C326.44432779 272.43415207 326.44432779 272.43415207 325.0625 264.75 C324.17529825 261.25225496 323.76827896 257.82221099 323.4519043 254.22924805 C321.82818439 236.30157393 317.19231689 218.73103384 310.74121094 201.953125 C309.98781327 199.9678874 309.27503258 197.9717404 308.5703125 195.96875 C305.36224433 186.94864805 301.47788125 178.44539756 297.03222656 169.97021484 C296.00701351 168.01338672 294.99878484 166.04848754 293.9921875 164.08203125 C289.82482542 156.01695992 285.21949061 148.44136552 280 141 C279.19648175 139.83212263 278.39310175 138.66415014 277.58984375 137.49609375 C273.17332602 131.13462443 268.60532116 125.14160512 263.30078125 119.4765625 C261.41946126 117.45150838 259.61092388 115.39499408 257.80859375 113.30078125 C247.61364237 101.61278831 236.40411388 90.33705599 224 81 C223.14535156 80.32839844 222.29070312 79.65679687 221.41015625 78.96484375 C206.82183406 67.69111931 191.26456609 57.6662007 175 49 C174.28295898 48.61473145 173.56591797 48.22946289 172.82714844 47.83251953 C168.50348469 45.51055196 164.16635745 43.21637248 159.81396484 40.94873047 C158.2940899 40.15381337 156.78096376 39.3460106 155.26953125 38.53515625 C149.09432611 35.29756964 142.66668001 32.90395865 136.125 30.52734375 C133.15645889 29.44728474 130.23422317 28.28269899 127.3125 27.08203125 C110.4073453 20.29070055 92.58987266 15.69473901 74.875 11.5625 C74.15924805 11.39528442 73.44349609 11.22806885 72.70605469 11.05578613 C59.33718105 7.95141791 46.09007334 5.66683888 32.44848633 4.19506836 C30.06999176 3.93830874 27.69219896 3.67570397 25.31445312 3.41210938 C16.88501474 2.48479544 8.45707746 1.64016891 0 1 C0 0.67 0 0.34 0 0 Z " fill="#FDFDFD" transform="translate(408,0)"/>
<path d="M0 0 C0.79857422 -0.00773438 1.59714844 -0.01546875 2.41992188 -0.0234375 C7.76066857 -0.00602675 12.30375386 0.77857856 17.4375 2.25 C18.69820312 2.56710938 18.69820312 2.56710938 19.984375 2.890625 C34.84114527 6.99994444 49.38349918 15.59528966 57.52978516 29.0546875 C58.67072329 31.07769125 59.75346974 33.12049167 60.8125 35.1875 C61.31342163 36.15320923 61.31342163 36.15320923 61.82446289 37.13842773 C66.62610418 47.01224271 66.71480885 57.16609999 66.84341431 67.93273926 C67.29176976 104.53415617 67.29176976 104.53415617 74.4375 140.25 C74.74558594 141.34570312 75.05367187 142.44140625 75.37109375 143.5703125 C77.23000077 149.72553158 79.74725249 154.90699762 83.265625 160.2890625 C84.4375 162.25 84.4375 162.25 84.4375 164.25 C28.6675 164.25 -27.1025 164.25 -84.5625 164.25 C-83.39237623 161.32469058 -82.2223384 158.42493509 -80.9765625 155.53515625 C-70.20816035 130.28283303 -67.71788486 104.13289555 -67.421875 76.8125 C-67.40234665 75.38802079 -67.3828154 73.96354163 -67.36328125 72.5390625 C-67.33445136 70.39392292 -67.31249996 68.24983802 -67.31201172 66.10449219 C-67.28706745 50.46087177 -64.05158777 37.04253188 -54.5625 24.25 C-53.82 23.198125 -53.0775 22.14625 -52.3125 21.0625 C-43.00347428 11.54190551 -31.39307326 5.44379737 -18.5625 2.25 C-17.91047607 2.07936035 -17.25845215 1.9087207 -16.58666992 1.73291016 C-10.99285581 0.35813334 -5.74835647 -0.05594508 0 0 Z " fill="#FDFDFD" transform="translate(388.5625,237.75)"/>
<path d="M0 0 C3.92776608 1.39271387 6.50848515 3.30236602 8.9375 6.75 C10.72363283 12.21346513 10.9349537 16.09413285 8.375 21.3125 C4.63589097 25.54359706 1.65472612 26.81614154 -3.9375 27.4375 C-8.5429546 27.24302783 -11.30926651 25.73114278 -15 23 C-17.52572461 19.04669192 -17.56619322 14.57448174 -17 10 C-14.2673335 2.10563012 -8.29618777 -1.56954904 0 0 Z " fill="#F5F5F5" transform="translate(392,184)"/>
<path d="M0 0 C14.85 0 29.7 0 45 0 C41.93102617 6.13794765 38.02321246 9.68044763 31.73046875 12.2734375 C25.23594961 14.00159281 17.35354902 14.26920562 11 11.8125 C5.49435063 8.48617017 2.49492876 6.23732189 0 0 Z " fill="#F3F3F3" transform="translate(366,429)"/>
<path d="M0 0 C4.89295147 -0.07433779 9.78557183 -0.12869027 14.67895508 -0.16479492 C16.34242481 -0.17985114 18.00585505 -0.20030063 19.66918945 -0.22631836 C22.06471522 -0.26284207 24.45971467 -0.27975782 26.85546875 -0.29296875 C27.96513252 -0.31619453 27.96513252 -0.31619453 29.09721375 -0.33988953 C33.6500613 -0.34136257 36.29277038 0.3913635 40 3 C42.69254991 3.70670728 42.69254991 3.70670728 45 4 C45 4.33 45 4.66 45 5 C38.14069311 5.1905363 31.54734053 4.44181902 24.75 3.5625 C16.50910248 2.51100575 8.28516119 1.62352436 0 1 C0 0.67 0 0.34 0 0 Z " fill="#D0D0D0" transform="translate(408,0)"/>
<path d="M0 0 C21.45 0 42.9 0 65 0 C65 0.33 65 0.66 65 1 C43.88 1 22.76 1 1 1 C1.33 1.99 1.66 2.98 2 4 C0.68 4.99 -0.64 5.98 -2 7 C-1.34 4.69 -0.68 2.38 0 0 Z " fill="#C8C8C8" transform="translate(441,429)"/>
<path d="M0 0 C11.88 0 23.76 0 36 0 C36 0.33 36 0.66 36 1 C35.17274414 1.05534912 34.34548828 1.11069824 33.49316406 1.16772461 C30.41418347 1.3754542 27.33544633 1.58642016 24.25683594 1.79956055 C22.27295611 1.93592212 20.28882209 2.06856882 18.3046875 2.20117188 C16.42910156 2.33168945 16.42910156 2.33168945 14.515625 2.46484375 C12.78747559 2.58267212 12.78747559 2.58267212 11.02441406 2.70288086 C8.55354165 2.94561994 6.38156753 3.34803242 4 4 C2.58465222 4.06456879 1.16662311 4.08611039 -0.25 4.0625 C-2.10625 4.0315625 -2.10625 4.0315625 -4 4 C-3.34 3.525625 -2.68 3.05125 -2 2.5625 C-1.34 2.046875 -0.68 1.53125 0 1 C0 0.67 0 0.34 0 0 Z " fill="#D1D1D1" transform="translate(332,0)"/>
<path d="M0 0 C0.33 0.99 0.66 1.98 1 3 C0.195625 3.763125 -0.60875 4.52625 -1.4375 5.3125 C-4.16799024 7.79430898 -4.16799024 7.79430898 -5 11 C-5.66 11 -6.32 11 -7 11 C-7.66 12.32 -8.32 13.64 -9 15 C-10.32 14.67 -11.64 14.34 -13 14 C-12.22914063 13.24074219 -11.45828125 12.48148438 -10.6640625 11.69921875 C-9.65090904 10.69544634 -8.63789552 9.69153268 -7.625 8.6875 C-7.11710938 8.18798828 -6.60921875 7.68847656 -6.0859375 7.17382812 C-3.77145867 4.87457613 -1.81652517 2.72478775 0 0 Z " fill="#DCDCDC" transform="translate(169,105)"/>
<path d="M0 0 C3.625 0.375 3.625 0.375 7 1 C6.67 1.99 6.34 2.98 6 4 C6.66 4 7.32 4 8 4 C7.67 4.99 7.34 5.98 7 7 C3.88801935 5.50163895 0.9465385 3.80066242 -2 2 C-1.34 1.34 -0.68 0.68 0 0 Z " fill="#E6E6E6" transform="translate(509,129)"/>
<path d="M0 0 C0.66 0.33 1.32 0.66 2 1 C1.67 1.99 1.34 2.98 1 4 C0.34 4 -0.32 4 -1 4 C-0.67 4.99 -0.34 5.98 0 7 C-0.556875 6.7525 -1.11375 6.505 -1.6875 6.25 C-4.23302802 5.70325254 -4.23302802 5.70325254 -6.5625 8 C-7.366875 8.66 -8.17125 9.32 -9 10 C-9.99 9.67 -10.98 9.34 -12 9 C-8.04 6.03 -4.08 3.06 0 0 Z " fill="#212121" transform="translate(262,135)"/>
<path d="M0 0 C0.66 0.33 1.32 0.66 2 1 C1.375 4.375 1.375 4.375 0 8 C-3.125 9.4375 -3.125 9.4375 -6 10 C-4.6302836 6.00499382 -2.74277578 3.19990508 0 0 Z " fill="#151515" transform="translate(652,475)"/>
<path d="M0 0 C0.66 0.33 1.32 0.66 2 1 C1.030625 1.721875 0.06125 2.44375 -0.9375 3.1875 C-3.29913506 5.13237593 -3.93412331 5.7882535 -4.875 8.8125 C-4.91625 9.534375 -4.9575 10.25625 -5 11 C-7.475 10.01 -7.475 10.01 -10 9 C-6.83047153 5.73991357 -3.60062011 2.77762123 0 0 Z " fill="#252525" transform="translate(509,460)"/>
<path d="M0 0 C3.35595828 0.59927826 5.37801226 1.84622436 8 4 C7.34 5.32 6.68 6.64 6 8 C1.3125 4.38671875 1.3125 4.38671875 0 3 C0 2.01 0 1.02 0 0 Z " fill="#DBDBDB" transform="translate(239,690)"/>
<path d="M0 0 C0.66 0.99 1.32 1.98 2 3 C1.67 3.66 1.34 4.32 1 5 C0.01 5 -0.98 5 -2 5 C-2.33 5.99 -2.66 6.98 -3 8 C-4.87617698 9.84499398 -6.92737609 11.3683599 -9 13 C-9.66 12.67 -10.32 12.34 -11 12 C-10.37351562 11.38511719 -9.74703125 10.77023437 -9.1015625 10.13671875 C-8.28429687 9.32847656 -7.46703125 8.52023437 -6.625 7.6875 C-5.40683594 6.48673828 -5.40683594 6.48673828 -4.1640625 5.26171875 C-1.87395158 2.99990063 -1.87395158 2.99990063 0 0 Z " fill="#1A1A1A" transform="translate(530,440)"/>
<path d="M0 0 C1 4 1 4 0.00390625 6.359375 C-0.47175781 7.14828125 -0.94742188 7.9371875 -1.4375 8.75 C-1.91058594 9.54921875 -2.38367188 10.3484375 -2.87109375 11.171875 C-3.24363281 11.77515625 -3.61617188 12.3784375 -4 13 C-4.99 13 -5.98 13 -7 13 C-3.535 6.565 -3.535 6.565 0 0 Z " fill="#212121" transform="translate(97,155)"/>
<path d="M0 0 C2 2 2 2 3.3125 4.5 C5.27789014 7.4116891 6.69104995 8.01625809 10 9 C10 9.33 10 9.66 10 10 C4.375 10.25 4.375 10.25 1 8 C-0.25 5.5625 -0.25 5.5625 -1 3 C-0.67 2.01 -0.34 1.02 0 0 Z " fill="#DDDDDD" transform="translate(261,862)"/>
<path d="M0 0 C3.91211733 1.15585285 6.8745041 2.35534962 10 5 C6.71303767 5.79953138 5.28976808 6.09658936 2 5 C1.34 4.34 0.68 3.68 0 3 C0 2.01 0 1.02 0 0 Z " fill="#F0F0F0" transform="translate(283,505)"/>
<path d="M0 0 C3.51617697 0.65114388 6.17608443 1.78666077 9 4 C9.8125 7.1875 9.8125 7.1875 10 10 C2.51708428 3.84965831 2.51708428 3.84965831 0 0 Z " fill="#DDDDDD" transform="translate(252,446)"/>
<path d="M0 0 C1.17539996 0.92652701 2.34010577 1.86663387 3.5 2.8125 C4.1496875 3.33457031 4.799375 3.85664063 5.46875 4.39453125 C7 6 7 6 7 9 C6.01 9 5.02 9 4 9 C0 3.85714286 0 3.85714286 0 0 Z " fill="#141414" transform="translate(439,255)"/>
<path d="M0 0 C0.66 0.33 1.32 0.66 2 1 C-0.63714265 3.9301585 -3.58232367 6.0470421 -7 8 C-9.19140625 7.609375 -9.19140625 7.609375 -11 7 C-9.21475351 5.80286983 -7.4215972 4.61752721 -5.625 3.4375 C-4.62726563 2.77621094 -3.62953125 2.11492187 -2.6015625 1.43359375 C-1.74304688 0.96050781 -0.88453125 0.48742187 0 0 Z " fill="#252525" transform="translate(342,221)"/>
<path d="M0 0 C0.33 1.32 0.66 2.64 1 4 C0.1646875 4.3403125 0.1646875 4.3403125 -0.6875 4.6875 C-3.63246684 6.35896766 -5.68156544 8.55276352 -8 11 C-8.66 10.67 -9.32 10.34 -10 10 C-8.7121669 8.51749445 -7.41960936 7.03909182 -6.125 5.5625 C-5.40570313 4.73878906 -4.68640625 3.91507813 -3.9453125 3.06640625 C-2 1 -2 1 0 0 Z " fill="#D5D5D5" transform="translate(254,178)"/>
<path d="M0 0 C0.94875 0.04125 1.8975 0.0825 2.875 0.125 C0.11979785 3.08429119 -2.59127288 5.16181826 -6.125 7.125 C-5.03177966 0.20127119 -5.03177966 0.20127119 0 0 Z " fill="#141414" transform="translate(205.125,72.875)"/>
<path d="M0 0 C2.31 1.98 4.62 3.96 7 6 C6.67 6.66 6.34 7.32 6 8 C4.02 7.34 2.04 6.68 0 6 C-0.38218767 4.34385343 -0.71395102 2.67542976 -1 1 C-0.67 0.67 -0.34 0.34 0 0 Z " fill="#171717" transform="translate(249,444)"/>
<path d="M0 0 C0.66 0.33 1.32 0.66 2 1 C2 1.66 2 2.32 2 3 C0.02 3.99 -1.96 4.98 -4 6 C-4 6.66 -4 7.32 -4 8 C-4.66 8 -5.32 8 -6 8 C-6 8.66 -6 9.32 -6 10 C-7.32 10.33 -8.64 10.66 -10 11 C-7.00793014 6.55463907 -4.41309542 3.15221101 0 0 Z " fill="#D9D9D9" transform="translate(344,252)"/>
<path d="M0 0 C0.83154245 2.32831887 1.12153694 3.6110818 0.375 6 C-1.38349554 8.5578117 -3.51402387 10.16822811 -6 12 C-4.43358249 7.69235185 -2.31663844 3.93828536 0 0 Z " fill="#DDDDDD" transform="translate(125,161)"/>
<path d="M0 0 C0.66 0.33 1.32 0.66 2 1 C1.01 2.98 0.02 4.96 -1 7 C-3.475 6.01 -3.475 6.01 -6 5 C-2.25 1.125 -2.25 1.125 0 0 Z " fill="#E7E7E7" transform="translate(286,152)"/>
<path d="M0 0 C2.97 1.65 5.94 3.3 9 5 C8.01 6.485 8.01 6.485 7 8 C4.5 6.6875 4.5 6.6875 2 5 C2 4.01 2 3.02 2 2 C1.34 2 0.68 2 0 2 C0 1.34 0 0.68 0 0 Z " fill="#161616" transform="translate(498,125)"/>
<path d="M0 0 C0 0.99 0 1.98 0 3 C-2.31 3.33 -4.62 3.66 -7 4 C-7 3.34 -7 2.68 -7 2 C-7.99 1.67 -8.98 1.34 -10 1 C-6.61981469 -0.04005702 -3.5219721 -0.08004482 0 0 Z " fill="#F7F7F7" transform="translate(332,0)"/>
<path d="M0 0 C0.99 1.32 1.98 2.64 3 4 C2.01 4.33 1.02 4.66 0 5 C-1.66710346 6.49985609 -1.66710346 6.49985609 -3 8 C-3.99 7.01 -4.98 6.02 -6 5 C-4.02 3.35 -2.04 1.7 0 0 Z " fill="#E2E2E2" transform="translate(425,455)"/>
<path d="M0 0 C2.44839588 3.67259383 4 6.54648201 4 11 C2.68 10.67 1.36 10.34 0 10 C0 6.7 0 3.4 0 0 Z " fill="#D9D9D9" transform="translate(0,442)"/>
<path d="M0 0 C0.66 0.33 1.32 0.66 2 1 C-0.31 3.64 -2.62 6.28 -5 9 C-5.66 8.34 -6.32 7.68 -7 7 C-4.66666667 4.66666667 -2.33333333 2.33333333 0 0 Z " fill="#E0E0E0" transform="translate(274,392)"/>
<path d="M0 0 C0.66 0.33 1.32 0.66 2 1 C1.21625 1.763125 0.4325 2.52625 -0.375 3.3125 C-3.07257717 5.90891805 -3.07257717 5.90891805 -5 9 C-6.32 8.67 -7.64 8.34 -9 8 C-6.03 5.36 -3.06 2.72 0 0 Z " fill="#272727" transform="translate(168,69)"/>
<path d="M0 0 C0.66 0.33 1.32 0.66 2 1 C1.67 1.99 1.34 2.98 1 4 C-1.0625 4.6875 -1.0625 4.6875 -3 5 C-3 4.34 -3 3.68 -3 3 C-6.63 3 -10.26 3 -14 3 C-14 2.67 -14 2.34 -14 2 C-13.24074219 1.93941406 -12.48148437 1.87882812 -11.69921875 1.81640625 C-10.70535156 1.73261719 -9.71148437 1.64882813 -8.6875 1.5625 C-7.70136719 1.48128906 -6.71523438 1.40007812 -5.69921875 1.31640625 C-2.90624401 1.08187441 -2.90624401 1.08187441 0 0 Z " fill="#515151" transform="translate(398,440)"/>
<path d="M0 0 C0.66 0.66 1.32 1.32 2 2 C-1.515625 6.6875 -1.515625 6.6875 -3 8 C-4.32 8 -5.64 8 -7 8 C-6.75 6.125 -6.75 6.125 -6 4 C-4.0625 2.875 -4.0625 2.875 -2 2 C-1.34 1.34 -0.68 0.68 0 0 Z " fill="#EDEDED" transform="translate(316,238)"/>
<path d="M0 0 C0.66 0.99 1.32 1.98 2 3 C0.5901639 7.2295083 -2.16421847 8.08210924 -6 10 C-4.6302836 6.00499382 -2.74277578 3.19990508 0 0 Z " fill="#D3D3D3" transform="translate(140,139)"/>
<path d="M0 0 C2.475 0.99 2.475 0.99 5 2 C4.67 3.65 4.34 5.3 4 7 C2.02 5.68 0.04 4.36 -2 3 C-1.34 2.01 -0.68 1.02 0 0 Z " fill="#E8E8E8" transform="translate(626,72)"/>
<path d="M0 0 C0.66 0.33 1.32 0.66 2 1 C1.67 1.66 1.34 2.32 1 3 C0.34 3 -0.32 3 -1 3 C-1.33 4.32 -1.66 5.64 -2 7 C-3.875 7.625 -3.875 7.625 -6 8 C-6.66 7.34 -7.32 6.68 -8 6 C-5.36 4.02 -2.72 2.04 0 0 Z " fill="#212121" transform="translate(190,52)"/>
<path d="M0 0 C0.66 0.33 1.32 0.66 2 1 C1.67 1.99 1.34 2.98 1 4 C0.34 4 -0.32 4 -1 4 C-1.33 4.99 -1.66 5.98 -2 7 C-3.32 6.34 -4.64 5.68 -6 5 C-4.02 3.35 -2.04 1.7 0 0 Z " fill="#181818" transform="translate(45,536)"/>
<path d="M0 0 C0 3 0 3 -2 6 C-3.32 4.02 -4.64 2.04 -6 0 C-3.50907189 -1.24546405 -2.58919267 -0.7767578 0 0 Z " fill="#161616" transform="translate(34,521)"/>
<path d="M0 0 C0.99 0.66 1.98 1.32 3 2 C2.54625 2.433125 2.0925 2.86625 1.625 3.3125 C-0.20024334 5.10798342 -0.20024334 5.10798342 -2 8 C-4.125 9.1875 -4.125 9.1875 -6 10 C-5.18957164 8.51969728 -4.37659652 7.04078858 -3.5625 5.5625 C-2.88380859 4.32693359 -2.88380859 4.32693359 -2.19140625 3.06640625 C-1 1 -1 1 0 0 Z " fill="#DEDEDE" transform="translate(59,382)"/>
<path d="M0 0 C0.66 1.32 1.32 2.64 2 4 C1.01 4 0.02 4 -1 4 C-1.33 5.65 -1.66 7.3 -2 9 C-3.32 8.67 -4.64 8.34 -6 8 C-4.02 5.36 -2.04 2.72 0 0 Z " fill="#2B2B2B" transform="translate(122,118)"/>
<path d="M0 0 C-0.33 0.66 -0.66 1.32 -1 2 C-2.33076989 2.34342449 -3.66431979 2.67619874 -5 3 C-5.66 3.66 -6.32 4.32 -7 5 C-7.33 4.34 -7.66 3.68 -8 3 C-8.99 2.34 -9.98 1.68 -11 1 C-3.375 -1.125 -3.375 -1.125 0 0 Z " fill="#222222" transform="translate(270,18)"/>
<path d="M0 0 C3.78611227 0.54087318 5.55400767 2.11722332 8 5 C8 5.66 8 6.32 8 7 C7.01 7.33 6.02 7.66 5 8 C4.16382818 6.8562364 3.33113541 5.70992861 2.5 4.5625 C2.0359375 3.92441406 1.571875 3.28632813 1.09375 2.62890625 C0 1 0 1 0 0 Z " fill="#181818" transform="translate(210,438)"/>
<path d="M0 0 C2.97 1.98 2.97 1.98 6 4 C5.67 4.99 5.34 5.98 5 7 C1.73539027 5.19587357 0.11070205 4.16605307 -2 1 C-1.34 0.67 -0.68 0.34 0 0 Z " fill="#DBDBDB" transform="translate(510,399)"/>
<path d="M0 0 C0.33 0.66 0.66 1.32 1 2 C0.36729133 3.34977849 -0.30062468 4.68352881 -1 6 C-1 6.66 -1 7.32 -1 8 C-2.96147874 9.38938077 -4.96166576 10.7260411 -7 12 C-5.44298069 7.32894208 -2.91552627 3.91294315 0 0 Z " fill="#2D2D2D" transform="translate(49,348)"/>
<path d="M0 0 C0 0.66 0 1.32 0 2 C-2.64 2.99 -5.28 3.98 -8 5 C-8.33 4.01 -8.66 3.02 -9 2 C-3.375 -1.125 -3.375 -1.125 0 0 Z " fill="#131313" transform="translate(310,138)"/>
<path d="M0 0 C0.66 1.32 1.32 2.64 2 4 C1.01 4.33 0.02 4.66 -1 5 C-1 5.66 -1 6.32 -1 7 C-3 8.625 -3 8.625 -5 10 C-5.66 9.67 -6.32 9.34 -7 9 C-4.69 6.03 -2.38 3.06 0 0 Z " fill="#CFCFCF" transform="translate(155,120)"/>
<path d="M0 0 C0.66 0.33 1.32 0.66 2 1 C0.44499019 4.81684226 -2.03595495 7.19195732 -5 10 C-5.66 9.67 -6.32 9.34 -7 9 C-4.69 6.03 -2.38 3.06 0 0 Z " fill="#232323" transform="translate(133,104)"/>
<path d="M0 0 C0.33 0 0.66 0 1 0 C1.375 2.6875 1.375 2.6875 1 6 C-0.823983 8.06398076 -2.72763839 9.39041053 -5 11 C-3.77782954 6.95743617 -2.37245704 3.50711041 0 0 Z " fill="#D7D7D7" transform="translate(644,538)"/>
<path d="M0 0 C1 3 1 3 0.3125 5.0625 C-1.21259665 7.31383315 -2.50584728 8.00233891 -5 9 C-5.99 8.34 -6.98 7.68 -8 7 C-7.05125 6.5875 -6.1025 6.175 -5.125 5.75 C-1.99283376 3.9959869 -1.13499394 3.29148243 0 0 Z " fill="#292929" transform="translate(400,203)"/>
<path d="M0 0 C1.32 0.99 2.64 1.98 4 3 C3.67 3.99 3.34 4.98 3 6 C2.01 5.67 1.02 5.34 0 5 C-0.99 5.66 -1.98 6.32 -3 7 C-1.125 1.125 -1.125 1.125 0 0 Z " fill="#171717" transform="translate(557,176)"/>
<path d="M0 0 C4.875 3.625 4.875 3.625 6 7 C5.34 7.66 4.68 8.32 4 9 C4 8.34 4 7.68 4 7 C3.34 7 2.68 7 2 7 C0.5393715 4.35261084 0 3.10551666 0 0 Z " fill="#1C1C1C" transform="translate(544,161)"/>
<path d="M0 0 C1 3 1 3 -0.3125 5.6875 C-0.869375 6.450625 -1.42625 7.21375 -2 8 C-2.66 8 -3.32 8 -4 8 C-4.33 8.99 -4.66 9.98 -5 11 C-5.66 10.67 -6.32 10.34 -7 10 C-3.535 5.05 -3.535 5.05 0 0 Z " fill="#DADADA" transform="translate(680,482)"/>
<path d="M0 0 C0.66 0.99 1.32 1.98 2 3 C0.02 5.97 0.02 5.97 -2 9 C-2.66 8.34 -3.32 7.68 -4 7 C-3.34 5.35 -2.68 3.7 -2 2 C-1.34 2 -0.68 2 0 2 C0 1.34 0 0.68 0 0 Z " fill="#EDEDED" transform="translate(48,345)"/>
<path d="M0 0 C0.99 0.33 1.98 0.66 3 1 C1.02 3.97 1.02 3.97 -1 7 C-1.99 6.67 -2.98 6.34 -4 6 C-2.84826645 3.53199953 -1.95216435 1.95216435 0 0 Z " fill="#EDEDED" transform="translate(208,186)"/>
<path d="M0 0 C0.66 0.99 1.32 1.98 2 3 C1.3125 4.9375 1.3125 4.9375 0 7 C-2.625 7.75 -2.625 7.75 -5 8 C-3.35 5.36 -1.7 2.72 0 0 Z " fill="#232323" transform="translate(212,184)"/>
<path d="M0 0 C1.5625 1.75 1.5625 1.75 3 4 C2.6875 6.25 2.6875 6.25 2 8 C0.68 7.34 -0.64 6.68 -2 6 C-1.34 4.02 -0.68 2.04 0 0 Z " fill="#262626" transform="translate(707,173)"/>
<path d="M0 0 C0.66 0.33 1.32 0.66 2 1 C0.7508258 4.45925163 -0.67527795 7.14693203 -3 10 C-3 8.02 -3 6.04 -3 4 C-2.34 4 -1.68 4 -1 4 C-0.67 2.68 -0.34 1.36 0 0 Z " fill="#101010" transform="translate(116,172)"/>
<path d="M0 0 C0.99 0.33 1.98 0.66 3 1 C2.34 2.98 1.68 4.96 1 7 C0.01 7 -0.98 7 -2 7 C-1.34 4.69 -0.68 2.38 0 0 Z " fill="#EFEFEF" transform="translate(620,518)"/>
<path d="M0 0 C2 2 2 2 2 5 C-0.375 6.75 -0.375 6.75 -3 8 C-3.66 7.67 -4.32 7.34 -5 7 C-3.35 4.69 -1.7 2.38 0 0 Z " fill="#D8D8D8" transform="translate(37,414)"/>
<path d="M0 0 C1.32 0.66 2.64 1.32 4 2 C3.01 2.33 2.02 2.66 1 3 C0.67 3.99 0.34 4.98 0 6 C-2.5625 7.1875 -2.5625 7.1875 -5 8 C-3.35 5.36 -1.7 2.72 0 0 Z " fill="#202020" transform="translate(58,335)"/>
<path d="M0 0 C0.99 0.33 1.98 0.66 3 1 C1.47764564 4.04470873 -1.18424486 5.20270948 -4 7 C-4.66 6.67 -5.32 6.34 -6 6 C-4.02 4.02 -2.04 2.04 0 0 Z " fill="#DADADA" transform="translate(265,167)"/>
<path d="M0 0 C0.33 1.32 0.66 2.64 1 4 C-1.31 4.66 -3.62 5.32 -6 6 C-2.25 1.125 -2.25 1.125 0 0 Z " fill="#191919" transform="translate(243,151)"/>
<path d="M0 0 C0.99 0.33 1.98 0.66 3 1 C1.35 2.65 -0.3 4.3 -2 6 C-2.99 5.67 -3.98 5.34 -5 5 C-3.35 3.35 -1.7 1.7 0 0 Z " fill="#D7D7D7" transform="translate(245,146)"/>
<path d="M0 0 C0.99 0.33 1.98 0.66 3 1 C4.66362417 1.34820041 6.32995171 1.68404492 8 2 C4.09971775 4.60018816 0.52565431 4.15085514 -4 4 C-3.34 3.525625 -2.68 3.05125 -2 2.5625 C-1.34 2.046875 -0.68 1.53125 0 1 C0 0.67 0 0.34 0 0 Z " fill="#A6A6A6" transform="translate(332,0)"/>
<path d="M0 0 C0.99 0.33 1.98 0.66 3 1 C2.01 3.97 1.02 6.94 0 10 C-0.33 10 -0.66 10 -1 10 C-1.125 2.25 -1.125 2.25 0 0 Z " fill="#E5E5E5" transform="translate(1,415)"/>
<path d="M0 0 C0.66 0 1.32 0 2 0 C0.64978174 4.41889613 -1.26115668 6.34345343 -5 9 C-3.7580393 5.56072421 -2.44259716 2.74792181 0 0 Z " fill="#2C2C2C" transform="translate(36,367)"/>
<path d="M0 0 C1.65 1.65 3.3 3.3 5 5 C4.34 5.66 3.68 6.32 3 7 C1.68 5.68 0.36 4.36 -1 3 C-0.67 2.01 -0.34 1.02 0 0 Z " fill="#EBEBEB" transform="translate(435,255)"/>
<path d="M0 0 C0 0.33 0 0.66 0 1 C-1.134375 1.12375 -2.26875 1.2475 -3.4375 1.375 C-5.2009375 1.684375 -5.2009375 1.684375 -7 2 C-7.33 2.66 -7.66 3.32 -8 4 C-9.65 4 -11.3 4 -13 4 C-8.74504132 -0.44836589 -5.9812469 -0.09647172 0 0 Z " fill="#CDCDCD" transform="translate(392,184)"/>
<path d="M0 0 C0.99 1.32 1.98 2.64 3 4 C2.34 5.32 1.68 6.64 1 8 C0.01 6.02 -0.98 4.04 -2 2 C-1.34 1.34 -0.68 0.68 0 0 Z " fill="#EDEDED" transform="translate(699,152)"/>
<path d="M0 0 C-0.75 2.4375 -0.75 2.4375 -2 5 C-4.125 5.8125 -4.125 5.8125 -6 6 C-6.33 5.01 -6.66 4.02 -7 3 C-2.25 0 -2.25 0 0 0 Z " fill="#DCDCDC" transform="translate(227,63)"/>
<path d="M0 0 C1.2065625 0.0309375 1.2065625 0.0309375 2.4375 0.0625 C-2.3125 4.9375 -2.3125 4.9375 -4.5625 6.0625 C-3.48963568 0.08511307 -3.48963568 0.08511307 0 0 Z " fill="#DDDDDD" transform="translate(173.5625,62.9375)"/>
<path d="M0 0 C3.68754757 0.49831724 5.60490662 1.10067643 8 4 C7.34 4.66 6.68 5.32 6 6 C3.97945196 4.35830472 1.97956942 2.69088222 0 1 C0 0.67 0 0.34 0 0 Z " fill="#1C1C1C" transform="translate(232,722)"/>
<path d="M0 0 C0.66 1.32 1.32 2.64 2 4 C1.01 5.32 0.02 6.64 -1 8 C-1.66 7.67 -2.32 7.34 -3 7 C-1.125 2.25 -1.125 2.25 0 0 Z " fill="#202020" transform="translate(667,451)"/>
<path d="M0 0 C1.32 0.33 2.64 0.66 4 1 C4 1.66 4 2.32 4 3 C4.66 3.33 5.32 3.66 6 4 C4.35 4.33 2.7 4.66 1 5 C0.67 3.35 0.34 1.7 0 0 Z " fill="#1F1F1F" transform="translate(264,423)"/>
<path d="M0 0 C0.33 0 0.66 0 1 0 C1.28571429 8.57142857 1.28571429 8.57142857 -1 12 C-1.33 9.36 -1.66 6.72 -2 4 C-1.34 4 -0.68 4 0 4 C0 2.68 0 1.36 0 0 Z " fill="#686868" transform="translate(733,338)"/>
<path d="M0 0 C0.99 0.33 1.98 0.66 3 1 C2.34 3.31 1.68 5.62 1 8 C0.67 7.34 0.34 6.68 0 6 C-0.66 6 -1.32 6 -2 6 C-1.34 4.02 -0.68 2.04 0 0 Z " fill="#141414" transform="translate(206,248)"/>
<path d="M0 0 C1.98 0.66 3.96 1.32 6 2 C5.01 3.485 5.01 3.485 4 5 C2.68 5 1.36 5 0 5 C0 3.35 0 1.7 0 0 Z " fill="#EEEEEE" transform="translate(415,243)"/>
<path d="M0 0 C-1 3 -1 3 -3.3125 4.25 C-6.16597407 5.04631835 -7.24802325 4.8214856 -10 4 C-8.71086513 3.32845067 -7.41859796 2.66291141 -6.125 2 C-5.40570313 1.62875 -4.68640625 1.2575 -3.9453125 0.875 C-2 0 -2 0 0 0 Z " fill="#D3D3D3" transform="translate(318,136)"/>
<path d="M0 0 C-0.75 1.9375 -0.75 1.9375 -2 4 C-4 4.875 -4 4.875 -6 5 C-6.66 4.34 -7.32 3.68 -8 3 C-2.25 0 -2.25 0 0 0 Z " fill="#CBCBCB" transform="translate(237,58)"/>
<path d="M0 0 C0.66 0.33 1.32 0.66 2 1 C0.02 1.99 0.02 1.99 -2 3 C-2 3.66 -2 4.32 -2 5 C-4.97 4.505 -4.97 4.505 -8 4 C-5.31143836 2.20762558 -3.0466145 1.01553817 0 0 Z " fill="#353535" transform="translate(238,27)"/>
<path d="M0 0 C2.625 0.9375 2.625 0.9375 5 2 C5 2.99 5 3.98 5 5 C2.08482708 3.92598892 0.22189824 3.22189824 -2 1 C-1.34 0.67 -0.68 0.34 0 0 Z " fill="#D0D0D0" transform="translate(291,475)"/>
<path d="M0 0 C0.33 0 0.66 0 1 0 C1.3125 2.1875 1.3125 2.1875 1 5 C-1.5 7.8125 -1.5 7.8125 -4 10 C-2.8905928 6.51329166 -1.73662334 3.22515763 0 0 Z " fill="#BFBFBF" transform="translate(699,449)"/>
<path d="M0 0 C0.66 0.99 1.32 1.98 2 3 C0.625 5.5 0.625 5.5 -1 8 C-1.66 8 -2.32 8 -3 8 C-1.125 2.25 -1.125 2.25 0 0 Z " fill="#D4D4D4" transform="translate(581,414)"/>
<path d="M0 0 C0 3 0 3 -1 6 C-1.66 6 -2.32 6 -3 6 C-3.33 6.99 -3.66 7.98 -4 9 C-4.66 8.34 -5.32 7.68 -6 7 C-4.02 4.69 -2.04 2.38 0 0 Z " fill="#252525" transform="translate(277,391)"/>
<path d="M0 0 C1 4 1 4 1 8 C-0.32 8.33 -1.64 8.66 -3 9 C-2.01 6.03 -1.02 3.06 0 0 Z " fill="#3A3A3A" transform="translate(286,374)"/>
<path d="M0 0 C1.0625 1.875 1.0625 1.875 2 4 C0.74458443 6.51083114 -0.50063488 6.87125446 -3 8 C-1.125 1.125 -1.125 1.125 0 0 Z " fill="#111111" transform="translate(52,344)"/>
<path d="M0 0 C0.66 0.33 1.32 0.66 2 1 C0.8141763 4.37503669 -0.27573689 6.64722731 -3 9 C-3.26218749 5.85375007 -3.24754367 4.38162983 -1.5 1.6875 C-1.005 1.130625 -0.51 0.57375 0 0 Z " fill="#191919" transform="translate(92,329)"/>
<path d="M0 0 C0.33 0 0.66 0 1 0 C1.125 2.875 1.125 2.875 1 6 C0.34 6.66 -0.32 7.32 -1 8 C-1 7.34 -1 6.68 -1 6 C-1.66 6 -2.32 6 -3 6 C-2 4 -1 2 0 0 Z " fill="#E5E5E5" transform="translate(68,314)"/>
<path d="M0 0 C0.66 0.99 1.32 1.98 2 3 C0.84826645 5.46800047 -0.04783565 7.04783565 -2 9 C-1.125 2.25 -1.125 2.25 0 0 Z " fill="#383838" transform="translate(351,179)"/>
<path d="M0 0 C0.66 0.33 1.32 0.66 2 1 C-0.625 5.875 -0.625 5.875 -4 7 C-4.33 6.01 -4.66 5.02 -5 4 C-3.35 2.68 -1.7 1.36 0 0 Z " fill="#272727" transform="translate(368,161)"/>
<path d="M0 0 C0.66 0.33 1.32 0.66 2 1 C1.67 2.65 1.34 4.3 1 6 C-0.32 5.01 -1.64 4.02 -3 3 C-2.01 2.01 -1.02 1.02 0 0 Z " fill="#DEDEDE" transform="translate(190,86)"/>
<path d="M0 0 C0.99 0.33 1.98 0.66 3 1 C3 1.66 3 2.32 3 3 C1.02 3.99 1.02 3.99 -1 5 C-1.66 4.01 -2.32 3.02 -3 2 C-2.01 1.34 -1.02 0.68 0 0 Z " fill="#222222" transform="translate(224,33)"/>
</svg>
