<svg width="20" height="20" viewBox="0 0 20 20" fill="none" xmlns="http://www.w3.org/2000/svg">
<g id="Line Spacing" clip-path="url(#clip0_3731_2937)">
<path id="Vector" d="M4.29409 7.71C4.38705 7.80373 4.49766 7.87812 4.61951 7.92889C4.74137 7.97966 4.87208 8.0058 5.00409 8.0058C5.1361 8.0058 5.26681 7.97966 5.38867 7.92889C5.51053 7.87812 5.62113 7.80373 5.71409 7.71C5.80782 7.61704 5.88221 7.50644 5.93298 7.38458C5.98375 7.26272 6.00989 7.13201 6.00989 7C6.00989 6.86799 5.98375 6.73728 5.93298 6.61542C5.88221 6.49356 5.80782 6.38296 5.71409 6.29L3.71409 4.29C3.61899 4.19896 3.50684 4.12759 3.38409 4.08C3.14063 3.97998 2.86755 3.97998 2.62409 4.08C2.50134 4.12759 2.3892 4.19896 2.29409 4.29L0.294092 6.29C0.105788 6.4783 0 6.7337 0 7C0 7.2663 0.105788 7.5217 0.294092 7.71C0.482395 7.8983 0.73779 8.00409 1.00409 8.00409C1.27039 8.00409 1.52579 7.8983 1.71409 7.71L2.00409 7.41V12.59L1.71409 12.29C1.52579 12.1017 1.27039 11.9959 1.00409 11.9959C0.73779 11.9959 0.482395 12.1017 0.294092 12.29C0.105788 12.4783 0 12.7337 0 13C0 13.2663 0.105788 13.5217 0.294092 13.71L2.29409 15.71C2.3892 15.801 2.50134 15.8724 2.62409 15.92C2.74379 15.9729 2.87322 16.0002 3.00409 16.0002C3.13496 16.0002 3.26439 15.9729 3.38409 15.92C3.50684 15.8724 3.61899 15.801 3.71409 15.71L5.71409 13.71C5.80733 13.6168 5.88129 13.5061 5.93175 13.3842C5.98221 13.2624 6.00818 13.1319 6.00818 13C6.00818 12.8681 5.98221 12.7376 5.93175 12.6158C5.88129 12.4939 5.80733 12.3832 5.71409 12.29C5.62085 12.1968 5.51016 12.1228 5.38834 12.0723C5.26652 12.0219 5.13595 11.9959 5.00409 11.9959C4.87223 11.9959 4.74166 12.0219 4.61984 12.0723C4.49802 12.1228 4.38733 12.1968 4.29409 12.29L4.00409 12.59V7.41L4.29409 7.71ZM9.00409 6H19.0041C19.2693 6 19.5237 5.89464 19.7112 5.70711C19.8987 5.51957 20.0041 5.26522 20.0041 5C20.0041 4.73478 19.8987 4.48043 19.7112 4.29289C19.5237 4.10536 19.2693 4 19.0041 4H9.00409C8.73887 4 8.48452 4.10536 8.29698 4.29289C8.10945 4.48043 8.00409 4.73478 8.00409 5C8.00409 5.26522 8.10945 5.51957 8.29698 5.70711C8.48452 5.89464 8.73887 6 9.00409 6ZM19.0041 9H9.00409C8.73887 9 8.48452 9.10536 8.29698 9.29289C8.10945 9.48043 8.00409 9.73478 8.00409 10C8.00409 10.2652 8.10945 10.5196 8.29698 10.7071C8.48452 10.8946 8.73887 11 9.00409 11H19.0041C19.2693 11 19.5237 10.8946 19.7112 10.7071C19.8987 10.5196 20.0041 10.2652 20.0041 10C20.0041 9.73478 19.8987 9.48043 19.7112 9.29289C19.5237 9.10536 19.2693 9 19.0041 9ZM19.0041 14H9.00409C8.73887 14 8.48452 14.1054 8.29698 14.2929C8.10945 14.4804 8.00409 14.7348 8.00409 15C8.00409 15.2652 8.10945 15.5196 8.29698 15.7071C8.48452 15.8946 8.73887 16 9.00409 16H19.0041C19.2693 16 19.5237 15.8946 19.7112 15.7071C19.8987 15.5196 20.0041 15.2652 20.0041 15C20.0041 14.7348 19.8987 14.4804 19.7112 14.2929C19.5237 14.1054 19.2693 14 19.0041 14Z" fill="#787878"/>
</g>
<defs>
<clipPath id="clip0_3731_2937">
<rect width="20" height="20" fill="white"/>
</clipPath>
</defs>
</svg>
